1 48 21
2 52 26
3 50 30
4 55 34
5 54 38
6 50 40
7 51 42
8 55 45
9 55 50
: 50 50
; 41 46
< 45 42
= 45 35
> 40 37
? 38 33
@ 33 34
A 29 39
B 33 44
C 35 51
D 30 50
E 22 53
F 21 48
G 21 45
H 21 36
I 20 30
J 26 29
K 22 22
L 27 24
M 30 20
N 35 16
O 36 6
P 26 13
Q 15 5
R 15 14
S 16 19
T 12 17
U 6 25
V 11 28
W 12 38
X 7 43
Y 9 56
Z 15 56
[ 10 70
\ 17 64
] 26 59
^ 30 60
_ 31 76
` 40 66
a 35 60
b 40 60
c 47 66
d 50 70
e 55 65
f 57 72
g 70 64
h 62 57
i 55 57
j 62 48
k 67 41
l 62 35
m 65 27
n 62 24
o 55 20
p 60 15
q 66 14
r 66 8
s 64 4
t 59 5
u 50 4
v 54 10
w 50 15
x 44 13
y 40 20
z 36 26
{ 43 26
